23.0 56.0
23.0 56.0
22.0 59.0
25.0 60.0
23.0 57.0
23.0 57.0
23.0 58.0
23.0 58.0
24.0 57.0
26.0 61.0
25.0 60.0
25.0 60.0
25.0 64.0
25.0 64.0
25.0 66.0
25.0 66.0
25.0 67.0
25.0 67.0
26.0 68.0
26.0 68.0
27.0 71.0
27.0 71.0
28.0 72.0
28.0 72.0
28.0 72.0
28.0 72.0
28.0 72.0
28.0 72.0
29.0 75.0
29.0 75.0
29.0 75.0
29.0 75.0
29.0 76.0
29.0 76.0
29.0 77.0
29.0 77.0
31.0 81.0
31.0 81.0
30.0 84.0
30.0 84.0
30.0 84.0
33.0 84.0
33.0 84.0
34.0 85.0
34.0 85.0
31.0 91.0
31.0 91.0
31.0 86.0
31.0 86.0
33.0 90.0
33.0 90.0
35.0 94.0
35.0 94.0
31.0 90.0
31.0 90.0
31.0 90.0
31.0 90.0
33.0 96.0
33.0 96.0
33.0 99.0
33.0 99.0
36.0 102.0
36.0 102.0
36.0 102.0
36.0 102.0
38.0 97.0
38.0 97.0
41.0 103.0
41.0 103.0
37.0 103.0
37.0 103.0
38.0 104.0
38.0 104.0
42.0 111.0
42.0 111.0
43.0 108.0
43.0 108.0
43.0 107.0
43.0 107.0
42.0 111.0
42.0 111.0
42.0 111.0
43.0 123.0
43.0 123.0
48.0 124.0
47.0 125.0
47.0 125.0
47.0 125.0
51.0 127.0
51.0 127.0
51.0 127.0
52.0 130.0
55.0 130.0
55.0 130.0
55.0 130.0
55.0 130.0
55.0 130.0
55.0 130.0
59.0 142.0
59.0 142.0
60.0 142.0
60.0 142.0
60.0 142.0
60.0 142.0
61.0 150.0
61.0 150.0
67.0 149.0
67.0 149.0
68.0 155.0
68.0 155.0
68.0 155.0
68.0 155.0
75.0 171.0
75.0 171.0
79.0 178.0
79.0 178.0
76.0 193.0
76.0 193.0
81.0 194.0
81.0 194.0
85.0 199.0
85.0 199.0
85.0 199.0
85.0 199.0
96.0 214.0
96.0 214.0
96.0 214.0
96.0 214.0
97.0 237.0
97.0 237.0
97.0 234.0
97.0 234.0
97.0 234.0
106.0 247.0
106.0 247.0
106.0 247.0
106.0 247.0
109.0 256.0
109.0 256.0
109.0 256.0
121.0 289.0
121.0 289.0
126.0 307.0
126.0 307.0
126.0 307.0
137.0 337.0
137.0 337.0
137.0 337.0
137.0 337.0
159.0 377.0
159.0 377.0
172.0 402.0
172.0 402.0
