11 3525.82 2557.32 
11 3528.50 2559.92
11 3524.99 2564.10
11 3521.97 2561.48
9 3538.22 2561.03
9 3546.81 2569.19
9 3549.50 2566.48
9 3540.66 2558.35
10 3547.72 2577.05
10 3550.83 2579.53
10 3547.21 2583.61
10 3544.23 2581.02
6 3631.77 2491.90
6 3629.02 2489.46
6 3634.77 2487.94
6 3635.01 2488.19
7 3619.92 2489.43
7 3617.17 2491.91
7 3608.42 2483.98
7 3610.92 2481.29
8 3610.58 2473.89
8 3607.70 2471.53
8 3611.34 2467.48
8 3614.27 2469.90
5 3622.39 2467.83
5 3624.78 2465.25
5 3633.01 2472.46
5 3630.45 2475.23
3 3690.66 2393.05
3 3693.26 2390.36
3 3701.73 2397.80
3 3699.31 2400.77
4 3694.32 2380.81
4 3691.80 2378.42
4 3695.01 2375.04
4 3697.77 2377.30
1 3705.96 2375.49
1 3708.46 2372.77
1 3717.18 2380.49
1 3714.55 2383.30
2 3714.89 2391.49
2 3717.47  2393.70
2 3714.23 2397.51
2 3711.44 2394.89
0 3794.69 2296.26
0 3792.42 2298.84
0 3786.00 2292.88
0 3788.30 2290.20
13 3784.57 2287.68
13 3780.81 2287.46
13 3781.04 2282.61
13 3784.72 2282.68
12 3779.15 2289.34
12 3779.89069534 2292.87801518
12 3777.45400037 2293.81584617
12 3776.67628896 2290.50032192
